620
621
622
624
625
626
627
628
629
630
631
632
633
634
635
637
638
639
640
641
642
644
645
646
647
648
649
651
652
653
654
655
656
657
658
659
661
662
663
664
665
666
667
670
671
724
761
764
766
767
768
772
773
774
775
776
777
780
781
782
783
784
785
786
787
789
790
791
792
793
794
795
796
797
798
801
802
803
804
805
806
807
808
809
810
812
813
816
818
819
820
821
822
825
826
827
828
829
830
831
832
833
834
835
836
837
838
839
840
841
842
843
844
845
846
847
848
849
850
851
852
853
856
857
858
859
860
861
862
863
864
866
867
868
869
870
871
872
873
874
875
878
879
880
881
882
883
884
885
888
889
890
891
892
893
895
900
901
902
903
904
906
907
908
909
910
911
912
913
914
915
916
917
918
919
920
921
922
923
924
925
926
927
928
929
930
931
935
936
937
938
939
940
941
943
944
945
946
947
948
949
950
951
952
954
955
956
957
958
959
960
961
962
963
964
965
968
969
970
971
972
975
976
977
979
980
981
983
984
985
986
987
989
990
992
993
995
996
997
998
999
1000
1001
1002
1003
1004
1006
1008
1009
1010
1011
1013
1014
1015
1017
1019
1020
1021
1022
1025
1026
1027
1028
1029
1030
1031
1032
1034
1036
1037
1038
1039
1072
1073
1074
1075
1076
1078
1080
1086
1093
1094
1095
1096
1097
1098
1099
1103
1105
1106
1107
1108
1109
1110
1111
1112
1113
1114
1115
1116
1117
1118
1119
1120
1121
1122
1123
1124
1125
1128
1129
1131
1132
1133
1134
1135
1136
1137
1152
1153
1154
1155
1165
1169
1171
1173
1174
1176
1177
1178
1179
1180
1194
1195
1196
1197
1198
1199
1202
1203
1204
1205
1206
1207
1208
1210
1211
1212
1213
1214
1215
1216
1219
1222
1224
1225
1228
1229
1230
1231
1234
1235
1237
1238
1913
1916
1917
1918
1959
1963
1964
1965
1967
1968
1969
1970
1971
1976
1977
1978
1979
1981
1994
1996
2430
2431
2434
2436
2454
2455
2456
2457
2459
2461
2462
2463
2469
2470
2471
2472
2473
2474
2475
2476
2477
2478
2479
2480
2481
2482
2483
2484
2485
2486
2487
2488
2489
2490
2492
2494
2495
2496
2497
2498
2499
2500
2503
2504
2506
2507
2508
2509
2510
2512
2513
2515
2516
2517
2518
2519
2520
2522
2523
2524
2525
2526
2527
2528
2529
2530
2531
2532
2533
2534
2535
2536
2538
2539
2540
2541
2542
2543
2544
2545
2546
2547
2548
2549
2550
2551
2552
2553
2554
2555
2556
2559
2560
2562
2564
2565
2566
2567
2569
2570
2571
2573
2574
2575
2577
2579
2584
2586
2587
2589
2590
2591
2592
2593
2596
2598
2599
2603
2604
2605
2609
2610
2611
2613
2614
2615
2617
2618
2619
2620
2621
2622
2623
2624
2625
2626
2628
2629
2630
2631
2632
2634
2635
2636
2637
2638
2639
2642
2643
2644
2645
2647
2649
2650
2653
2654
2655
2656
2657
2658
2659
2660
2662
2663
2664
2665
2666
2667
2668
2669
2670
2671
2672
2673
2675
2676
2678
2680
2681
2682
2683
2684
2685
2686
2687
2688
2691
2692
2693
2694
2696
2697
2698
2699
2700
2701
2702
2704
2705
2706
2707
2708
2709
2710
2711
2712
2713
2714
2715
2716
2717
2718
2719
2720
2721
2722
2723
2725
2726
2727
2728
2729
2730
2731
2732
2733
2735
2736
2737
2738
2739
2740
2741
2744
2745
2748
2753
2754
2755
2757
2759
2760
2761
2762
2763
2764
2765
2766
2767
2768
2770
2771
2772
2773
2774
2775
2776
2777
2778
2780
2781
2782
2783
2784
2785
2787
2788
2789
2790
2791
2792
2793
2794
2795
2796
2797
2798
2799
2800
2801
2802
2803
2804
2806
2807
2809
2810
2811
2812
2813
2814
2815
2816
2817
2818
2819
2820
2821
2822
2823
2824
2826
2827
2828
2829
2830
2832
2833
2834
2835
2837
2838
2839
2840
2841
2842
2843
2846
2847
2848
2849
2850
2851
2852
2854
2855
2856
2857
2858
2860
2862
2863
2864
2865
2866
2867
2869
2871
2872
2873
2874
2875
2876
2877
2878
2879
2881
2883
8697
8700
8703
8713
8715
8718
8721
8722
8723
8727
8730
8731
8733
8739
8743
8745
8746
8747
8748
8750
8751
8752
8754
8758
8759
8762
8763
8764
8769
8770
8771
8773
8775
8776
8777
8778
8779
8781
8782
8783
8784
8785
8787
8788
8790
8791
9334
9335
9338
9339
9340
9341
9345
9346
9350
9351
9352
9354
9356
9357
9362
9364
9365
9367
9368
9369
9370
9371
9374
9375
9376
9379
9380
9381
9382
9384
9385
9386
9387
9390
9391
9392
9393
9395
9396
9400
9401
9404
9405
9406
9407
9408
9409
9411
9412
9413
9415
9419
9420
9421
10105
10106
10107
10124
10125
11097
11121
11900
11902
11903
11904
11905
11906
11908
11909
11911
11912
11913
11914
11915
11917
11918
11919
11920
11921
11923
11924
11925
11926
11927
11929
11930
11933
11934
11939
11940
11942
11944
11946
11947
11949
11950
11951
11952
11953
11954
11957
11964
11965
11967
11968
11969
11970
11971
11973
11974
11975
11977
11979
11980
11982
11983
13303
13304
13305
13307
13311
13314
13316
13320
13321
13342
13343
13344
13346
13850
13851
13852
13853
13854
13855
13856
13857
13858
13859
13860
13865
13866
13867
13868
13869
13870
13872
13873
13874
13876
13877
13879
13880
13882
13893
13894
13895
13896
13898
13900
13901
13902
13903
13904
13906
13907
13908
13911
13912
13913
13914
13915
13917
13918
13919
13921
13924
13925
13927
13930
13931
13935
13938
13940
13942
13945
13947
13948
13950
13951
13952
13953
13954
13956
14044
14046
14052
14071
14112
14113
14125
14140
14390
14391
14392
14393
14394
14395
14396
14397
14398
14400
14401
14402
14403
14405
14407
14408
14409
14411
14413
14414
14416
14418
14419
14421
14422
14423
14424
14425
14426
14427
14428
14429
14431
14432
14433
14434
14435
14436
14439
14440
14441
14443
14445
14446
14450
14451
14452
14454
14456
14457
14459
14460
14461
14463
14464
14466
14469
14470
14472
14473
14474
14475
14477
14478
14479
14482
14485
14487
14489
14492
14495
14497
14498
14499
14500
14501
14502
14503
14504
14505
14506
14507
14509
14510
14512
14521
14522
14523
14526
14528
14529
14531
14534
14539
14540
14542
14543
14544
14545
14546
14547
14548
14549
14550
14551
14552
14553
14554
14557
14559
14560
14561
14562
14563
14564
14565
14566
14570
14573
14575
14576
14577
14578
14579
14584
14591
14594
14595
14596
14598
14600
14601
14602
14604
14605
14606
14611
14612
14619
14628
14633
14640
14642
14643
14644
14655
14656
14657
14658
14659
14660
14664
14665
14667
14668
14670
14671
14672
14673
14674
14675
14677
14682
14685
14686
14688
14689
14690
14691
14692
14693
14695
14697
14699
14703
14704
14707
14708
14711
14712
14714
14720
14721
14722
14723
14724
14725
14726
14727
14728
14729
14730
14731
14732
14733
14734
14735
14737
14738
14739
14740
14744
14747
14748
14753
14754
14755
14756
14757
14759
14760
14761
16059
16066
16068
16069
16070
16164
16166
16169
16170
16171
16174
16177
16179
16181
16182
16189
16222
16224
16225
16227
16229
16231
16232
16233
16421
16424
16425
16426
16427
16428
16429
16430
16431
16432
16434
16435
16437
16438
16439
16440
16442
16443
16444
16445
16446
16447
16448
16450
16451
16452
16453
16454
16455
16456
16458
16463
16466
16467
16468
16469
16470
16471
16472
16473
16474
16476
16477
16479
16480
16481
16485
16486
16487
16488
16492
16493
16494
16496
16498
16503
16504
16506
16507
16508
16509
16512
16514
16515
16517
16518
16519
16520
16521
16522
16523
16524
16526
16528
16529
16532
16534
16535
16537
16539
16540
16541
16543
16544
16545
16546
16548
16550
16551
16621
17106
17117
17118
17133
17134
17152
17158
17169
17855
17856
17866
17881
17920
17921
17922
17923
17924
17925
17926
17928
17931
17932
17934
17936
17941
17942
17943
17944
17945
17947
17951
17952
17953
17954
17957
17959
17960
17961
17962
17963
17964
17966
17968
17970
17971
17978
17979
17980
17982
17984
17986
17989
17992
17993
17998
18000
18003
18005
18006
18007
18008
18010
18012
18013
18016
18017
18019
18021
18022
18023
18024
18025
18026
18028
18034
18035
18036
18039
18040
18043
18050
18051
18052
18055
18057
18063
18064
18065
18068
18071
18072
18074
18075
18077
18078
18079
18081
18084
18086
18088
18089
18091
18092
18093
18097
18099
18100
18101
18102
18103
18106
18108
18109
18110
18111
18112
18119
18122
18124
18126
18132
18133
18134
18135
18136
18203
18204
18205
18206
18208
18209
18212
18214
18216
18219
18220
18222
18223
18225
18227
18234
18235
18241
18243
18346
18347
18349
18350
18351
18352
18354
18358
18373
18378
18380
18384
18385
18389
18405
18418
18428
18445
18449
18845
18846
18848
18849
18850
18853
18855
18857
18860
18861
18862
18863
18867
18932
18933
18985
18986
18994
18996
18997
18999
19000
19002
19003
19004
19005
19006
19007
19008
19102
19103
19104
19105
19106
19107
19108
19109
19110
19113
19225
19227
19228
19412
19413
19432
19446
19581
19689
19766
19767
19768
19769
19771
19773
19776
19777
19849
19851
19854
19855
19857
19859
19961
19962
19963
19967
19968
19969
19970
19972
19973
19974
19975
19978
19979
19980
19981
19982
19983
19984
19986
19988
19989
19991
19992
19994
19995
19997
19998
20000
20001
20002
20003
20004
20005
20006
20007
20008
20009
20010
20011
20013
20014
20015
20016
20020
20022
20023
20026
20027
20028
20029
20032
20034
20035
20038
20056
20058
20059
20114
20118
20121
20122
20217
20218
20219
20220
20222
20223
20224
20225
20362
20364
20365
20367
20368
20369
20370
20371
20372
20373
20374
20375
20376
20377
20378
20379
20382
20383
20384
20386
20560
20567
20606
20607
20609
20716
20718
20729
20900
20901
20912
20931
20938
20975
20976
20979
20986
20988
20994
20997
21005
21307
21308
21309
21330
21331
21532
21533
21534
21537
21538
21539
21544
21545
21546
21547
21646
21647
21651
21655
21657
21659
21660
21662
21664
21665
21772
21774
21775
21776
21778
21779
21780
22244
22250
22251
22252
22253
22254
22256
22258
22259
22261
22262
22264
22265
22267
22321
22322
22327
22330
22332
22334
22335
22342
22343
22346
22347
22348
22556
22557
22558
22560
22562
22563
22567
22793
22800
22801
22802
22804
22805
22806
22807
22808
22809
22810
22811
22854
23077
23079
23082
23084
23085
23088
23089
23271
23272
23273
23274
23277
23278
23382
23383
23384
23385
23387
23388
23389
23390
23392
23393
23394
23517
23519
23523
23569
23577
23578
23580
23582
23583
23586
23587
23588
23589
23591
23593
23594
