868
869
872
873
874
875
877
878
879
880
881
882
883
884
885
886
888
889
890
898
908
910
911
912
913
914
915
916
917
918
919
920
921
922
923
924
925
926
927
928
929
930
931
932
933
934
935
936
937
938
939
940
941
942
943
945
947
948
949
950
951
952
953
954
955
956
958
959
960
961
963
964
965
966
968
969
970
971
973
974
975
976
977
978
979
980
981
982
983
984
985
986
987
988
989
990
991
992
993
994
995
996
997
1000
1001
1002
1004
1005
1007
1008
1010
1011
1013
1016
1017
1018
1019
1021
1022
1023
1024
1025
1026
1027
1028
1031
1033
1034
1077
1082
1084
1085
1086
1087
1088
1090
1092
1093
1094
1095
1096
1097
1098
1099
1100
1101
1102
1104
1105
1106
1107
1108
1109
1110
1112
1113
1114
1115
1116
1117
1118
1119
1120
1123
1124
1125
1126
1131
1132
1133
1134
1137
1139
1284
1286
1304
1308
1309
1355
1356
1357
1358
1359
1361
1362
1363
1364
1365
1367
1368
1369
1370
1371
1373
1374
1375
1376
1377
1378
1379
1380
1381
1383
1384
1385
1386
1388
1389
1390
1393
1394
1396
1397
1398
1399
1400
1401
1402
1403
1405
1406
1407
1408
1409
1410
1411
1412
1413
1414
1415
1416
1417
1419
1420
1421
1422
1423
1424
1425
1426
1427
1429
1431
1432
1433
1434
1437
1438
1439
1440
1441
1442
1443
1444
1445
1446
1447
1450
1451
1452
1453
1455
1456
1457
1458
1459
1460
1462
1463
1464
1465
1466
1467
1468
1471
1473
1475
1476
1477
1478
1479
1480
1482
1483
1484
1486
1487
1488
1490
1491
1492
1493
1494
1495
1496
1497
1498
1499
1500
1501
1502
1503
1505
1506
1507
1508
1509
1510
1511
1513
1514
1518
1520
1521
1522
1523
1524
1525
1527
1528
1529
1530
1531
1532
1533
1534
1535
1536
1537
1538
1540
1541
1542
1546
1547
1548
1549
1550
1553
1555
1557
1560
1561
1562
1563
1564
1565
1566
1567
1568
1569
1570
1571
1572
1573
1574
1575
1576
1577
1578
1579
1580
1581
1582
1583
1584
1585
1586
1588
1590
1592
1593
1595
1596
1597
1599
1600
1601
1602
1604
1605
1606
1726
1742
1743
1745
1746
1747
1748
1749
1750
1751
1752
1753
1754
1755
1756
1757
1758
1760
1761
1762
1763
1764
1765
1766
1768
1769
1770
1771
1772
1785
3085
3086
3087
3089
3097
3098
3099
3103
3104
3105
3109
3112
3113
3115
3120
3121
3122
3126
3128
4002
4106
4107
4117
4123
4125
4128
4130
4146
4149
4150
4151
4170
4174
4178
4179
4180
4181
4183
4211
4218
4219
4221
4222
4223
4224
4225
4226
4229
4231
4232
4233
4234
4235
4237
4240
4241
4383
4384
4385
4386
4387
4388
4390
4391
4394
4395
4397
4398
4399
4402
4403
4404
4405
4406
4407
4408
4411
4412
4414
4415
4418
4420
4421
4422
4423
4424
4425
4426
4427
4428
4429
4431
4432
4434
4435
4438
4439
4440
4441
4442
4443
4444
4445
4446
4447
4449
4451
4452
4453
4455
4457
4458
4459
4460
4461
4462
4463
4464
4465
4466
4467
4468
4469
4470
4473
4474
4475
4476
4477
4478
4479
4480
4482
4483
4484
4485
4486
4487
4489
4490
4491
4492
4493
4495
4496
4499
4500
4501
4503
4504
4505
4506
4507
4509
4510
4513
4514
4515
4517
4519
4521
4522
4526
4528
4529
4530
4531
4533
4534
4535
4536
4537
4538
4539
4540
4541
4542
4546
4548
4550
4551
4553
4556
4557
4559
4562
4563
4564
4565
4566
4567
4568
4569
4572
4573
4574
4576
4578
4579
4581
4582
4583
4584
4585
4586
4587
4588
4589
4590
4591
4592
4593
4594
4595
4596
4598
4599
4600
4601
4602
4604
4605
4606
4607
4608
4610
4611
4612
4613
4614
4615
4616
4617
4618
4619
4620
4622
4623
4624
4625
4626
4628
4629
4630
4631
4632
4633
4634
4637
4641
4643
4644
4645
4646
4647
4649
4651
4652
4654
4658
4662
4664
4665
4666
4667
4668
4670
4672
4673
4674
4675
4676
4678
4679
4680
4681
4682
4683
4684
4685
4686
4687
4688
4689
4690
4691
4692
4693
4694
4695
4696
4697
4699
4700
4701
4702
4703
4705
4706
4707
4708
4710
4711
4712
4713
4714
4715
4716
4717
4718
4719
4721
4722
4723
4724
4725
4726
4727
4728
4729
4730
4731
4732
4733
4734
4735
4736
4738
4739
4740
4741
4742
4743
4744
4745
4746
4748
4749
4750
4752
4753
4754
4755
4756
4757
4758
4759
4760
4761
4762
4763
4764
4765
4766
4768
4769
4770
4771
4772
4773
4774
4775
4777
4779
4780
4781
4782
4783
4786
4790
4791
4792
4793
4795
4796
4797
4798
4799
4802
4803
4806
4807
4808
4809
4812
4813
4814
4815
4816
4818
4819
4821
4822
4823
4824
4825
4826
4827
4829
4831
4832
4833
4834
4835
4836
4837
4838
4839
4840
4841
4842
4844
4845
4846
4847
4848
4850
4851
4852
4853
4854
4855
4856
4857
4858
4859
4860
4861
4862
4864
4865
4866
4868
4869
4870
4871
4872
4873
4876
4877
4879
4880
4881
4882
4884
4885
4887
4888
4889
4890
4891
4892
4893
4894
4895
4896
4898
4899
4901
4902
4903
4905
4907
4908
4909
4910
4911
4912
4914
4915
4916
4917
4918
4919
4921
4922
4923
4924
4926
4927
4928
4929
4930
4931
4932
4933
4934
4935
4936
4937
4938
4940
4941
4943
4948
4949
4952
4954
4955
4956
4957
4958
4959
4960
4961
4962
4963
4964
4965
4966
4967
4970
4971
4972
4973
4974
4975
4976
4977
4978
4979
4981
4983
4985
4986
4989
4991
4992
4994
4995
4996
4998
4999
5000
5006
5008
5010
5012
5013
5014
5015
5017
5018
5019
5021
5022
5024
5025
5026
5027
5028
5029
5034
5036
5037
5038
5039
5043
5045
5047
5048
5049
5052
5053
5054
5055
5056
5058
5059
5060
5061
5062
5063
5064
5066
5068
5069
5070
5071
5072
5073
5074
5075
5078
5080
5082
5084
5085
5086
5088
5089
5090
5091
5092
5094
5096
5097
5099
5100
5102
5104
5105
5106
5108
5111
5112
5113
5114
5119
5120
5124
5125
5126
5128
5129
5132
5133
5134
5135
5136
5137
5138
5139
5140
5141
5142
5143
5145
5146
5148
5150
5151
5152
5153
5154
5155
5158
5159
5160
5161
5163
5164
5165
5166
5168
5171
5172
5175
5176
5178
5179
5180
5181
5182
5184
5186
5187
5188
5189
5190
5192
5193
5195
5197
5198
5199
5200
5201
5203
5204
5205
5206
5207
5208
5209
5210
5211
5212
5213
5214
5215
5216
5217
5219
5220
5221
5222
5223
5225
5226
5227
5229
5231
5232
5233
5234
5236
5240
5241
5242
5243
5244
5246
5247
5249
5250
5252
5254
5255
5257
5260
5262
5263
5264
5265
5266
5267
5268
5270
5271
5272
5273
5275
5276
5277
5278
5279
5282
5283
5284
5285
5287
5289
5292
5293
5294
5295
5296
5297
5298
5299
5301
5302
5303
5306
5308
5309
5311
5312
5313
5314
5315
5322
5324
5325
5326
5327
5328
5329
5330
5333
5343
5347
5349
5350
5352
5354
5356
5357
5358
5359
5360
5361
5362
5367
5368
5369
5370
5371
5372
5373
5374
5377
5379
5381
5382
5384
5386
5388
5391
5393
5394
5395
5397
5398
5399
5405
5411
5414
5415
5416
5417
5420
5423
5427
5428
5429
5430
5431
5433
5434
5438
5440
5441
5442
5444
5446
5447
5448
5449
5452
5454
5456
5457
5459
5461
5462
5464
5465
5466
5467
5468
5469
5470
5471
5472
5473
5474
5475
5478
5480
5481
5482
5484
5485
5486
5487
5489
5491
5646
5648
5649
5650
5651
5658
5659
5661
5662
5664
5667
5668
5670
5671
5674
5689
5691
5693
5701
5704
5706
5709
5710
5711
5713
5714
5715
5716
5718
5720
5722
5723
5724
5725
5726
5728
5730
5731
5732
5733
5735
6335
6336
6337
6338
6339
6340
6342
6343
6344
6345
6346
6347
6348
6349
6350
6351
6352
6353
6354
6355
6357
6358
7478
7479
7485
7486
7488
7489
7491
7492
7493
7494
7495
7496
7497
7499
7500
7501
7503
7504
7506
7508
7509
7510
7511
7512
7513
7514
7517
7518
7520
7521
7523
7524
7526
7527
7528
7529
7530
7531
7532
7533
7534
7535
7536
7537
7538
7539
7541
7546
7548
7551
7552
7555
7558
7560
7561
7562
7564
7569
7579
7580
7581
7586
7588
7591
7594
7596
7597
7598
7810
7815
7818
8536
8539
8540
8541
8542
8543
8544
8546
8547
8548
8551
8552
8553
8554
8555
8557
8562
8565
8566
8567
8568
8569
8570
8571
8572
8573
8575
8577
8578
8580
8581
8582
8583
8584
8585
8586
8587
8588
8589
8590
8591
8594
8596
8598
8599
8600
8601
11963
11964
11965
11966
11967
11968
11969
11970
11971
11972
11973
11974
11975
13462
13465
13467
13470
13471
13473
13474
13475
13477
13478
13480
13481
13482
13483
13484
13486
13487
13488
13489
13490
13491
13492
13493
13495
13496
13498
13499
13502
13503
13506
13507
13509
13512
13513
13517
13518
13519
13521
13522
13524
13525
13527
13528
13542
13547
14629
14631
14632
14634
14635
14636
14637
14638
14639
14641
14650
14651
14652
14653
14654
14655
14656
14657
14658
14659
14660
14661
14663
14664
14666
14667
14669
14670
14671
14673
14674
14677
14678
14685
14686
14687
14688
14690
14691
14692
14693
14744
14745
14746
14749
14751
14771
14772
14773
14774
14775
14776
14777
14778
14779
14781
14783
14784
14785
14786
14789
14790
14791
14793
14794
14795
14797
14802
14811
14815
14817
14818
14819
14820
14823
14828
14829
14863
14864
14865
14866
14867
14868
14869
14870
14871
14873
14874
14875
14876
14877
14878
14879
14880
14881
14882
14884
14885
14888
14903
14904
14905
14906
14907
14908
14910
14911
14912
15188
15189
15190
15191
15192
15193
15194
15208
15211
15220
15221
15222
15223
15224
15225
15229
15231
15232
15233
15234
15235
15236
15237
15238
15239
15240
15241
15242
15243
15244
15245
15246
15247
15248
15249
15251
15252
15253
15254
15257
15258
15259
15260
15261
15262
15263
15265
15266
15267
15268
15269
15270
15271
15377
15379
15380
15381
15386
15389
15390
15392
15393
15394
15395
15696
15697
15702
15703
15718
16673
16674
16676
16677
16678
16679
16680
16681
16682
16683
16684
16854
16855
16859
16860
16862
16866
17161
17162
17163
17164
17165
17168
17169
17172
17871
17872
17874
17875
17877
17878
17879
17881
17882
17883
17884
17885
17886
17889
17890
17891
18257
18260
18261
18263
18264
18267
18269
18271
18277
18278
18644
18645
18647
18648
18649
18650
18651
18652
18654
18656
18657
18803
18808
18810
18871
18872
18873
18880
18882
18883
18886
18903
18906
18907
18908
18909
18911
18914
18916
19459
19460
19461
19462
19463
19472
19473
19474
19475
19477
19478
19479
19481
19482
19484
19487
19490
19491
19492
19493
19494
19496
19497
19499
19500
19502
19504
19507
19508
19509
19511
19512
19513
19514
19515
19516
19517
19518
19519
19520
19521
19524
19525
19526
19527
19528
19733
19737
19739
19743
19748
19750
19751
19752
19753
19754
19756
19757
19758
19760
19762
19763
19764
19765
19766
19767
19768
19769
19770
19771
19772
19774
19777
19780
19781
19796
19797
19798
19800
19801
19803
19838
19839
20094
20722
20767
20771
20774
20776
20778
20779
20780
20781
20782
20783
20784
20786
20787
20789
20790
20791
20792
20794
20796
20797
20798
20800
20801
20802
20803
20804
20808
20810
20811
20813
20814
20816
20817
20818
20819
20820
20822
20823
20824
20825
20826
20827
20828
20829
20830
20831
20833
20834
20835
20836
20838
20839
20841
20843
20844
20845
20846
20847
20849
20889
20892
20893
20895
20896
20897
20898
20899
20900
20901
20902
20903
21149
21153
21154
21156
21157
21159
21162
21232
21234
21238
21305
21312
21388
21393
21397
21399
21400
21402
21404
