2
3
9
10
12
15
17
19
21
22
23
24
25
26
28
29
30
31
32
33
1275
1276
1278
1279
1280
1282
1283
1284
1285
1286
1287
1288
1289
1290
1291
1292
1294
1295
1296
1297
1298
1299
1300
1315
1316
1317
1319
1320
1321
1322
1323
1324
1325
1328
1329
1330
1331
1332
1333
1334
1335
1336
1337
1338
1340
1342
1343
1344
1345
1346
1348
1349
1350
1351
1352
1354
1355
1356
1357
1359
1360
1361
1362
1363
1364
1365
1366
1367
1369
1370
1371
1372
1373
1374
1375
1376
1377
1379
1380
1381
1383
1388
1389
1390
1392
1393
1394
1395
1396
1397
1399
1400
1402
1407
1408
1412
1414
1415
1416
1417
1418
1419
1420
1421
1422
1423
1424
1425
1426
1427
1428
1429
1430
1431
1432
1433
1434
1435
1436
1437
1439
1440
1441
1442
1443
1444
1446
1448
1449
1450
1452
1453
1454
1455
1456
1457
1458
1459
1460
1461
1462
1463
1464
1465
1466
1467
1468
1469
1470
1471
1472
1473
1474
1475
1476
1477
1499
1500
1501
1502
1503
1504
1505
1506
1507
1509
1510
1511
1512
1513
1514
1515
1532
1533
1534
1535
1536
1537
1538
1539
1540
1541
1543
1545
1546
1547
1548
1549
1550
1551
1552
1554
1555
1556
1558
1560
1561
1562
1563
1564
1566
1567
1568
1569
1572
1573
1574
1575
1576
1577
1578
1579
1581
1582
1583
1584
1585
1586
1587
1588
1589
1590
1593
1594
1596
1597
1598
1599
1600
1601
1602
1603
1604
1606
1607
1608
1609
1610
1611
1612
1614
1615
1618
1619
1620
1621
1622
1623
1624
1627
1628
1629
1630
1631
1632
1633
1634
1635
1636
1637
1638
1640
1641
1643
1644
1645
1646
1647
1649
1650
1651
1652
1653
1655
1658
1659
1660
1661
1662
1663
1664
1665
1666
1668
1669
1670
1671
1672
1673
1674
1675
1676
1677
1678
1681
1682
1684
1685
1686
1687
1688
1689
1691
1692
1693
1695
1696
1697
1698
1699
1700
1865
1867
1868
1871
1872
1879
1884
1885
1888
1890
1894
1904
1905
1906
1919
1923
1924
1925
1926
1927
1929
1931
1932
1934
1935
1936
1939
1940
1943
1947
1958
1959
1961
1962
1963
1964
1965
1967
1971
1972
1980
1981
1983
1984
1985
1986
1989
1992
1993
1994
1996
1998
2001
2008
2009
2010
2012
2020
2022
2023
2024
2025
2026
2032
2034
2035
2046
2602
2603
2604
2606
2607
2608
2610
2612
2613
2614
2616
2617
2618
2619
2620
2621
2622
2623
2624
2626
2627
2628
2629
2631
2633
2634
2635
2636
2637
2638
2639
2640
2642
2645
2647
2648
2649
2650
2651
2653
2654
2655
2657
2658
2659
2660
2662
2664
2665
2667
2668
2669
2671
2673
2677
2679
2682
2683
2685
2686
2687
2688
2689
2707
2708
2710
2724
2731
2733
2735
2739
2742
2744
2745
2746
2748
2750
2751
2752
2756
2758
2759
2761
2762
3367
3368
3404
3426
3427
3428
3429
3433
3434
3437
3439
3445
3446
3447
3448
3449
3451
3452
3453
3454
3455
3456
3457
3458
3460
3461
3462
3463
3464
3465
3466
3468
3469
3470
3471
3472
3475
3476
3486
3487
3489
3508
3509
3513
3520
3522
3527
3531
3543
3563
3566
3569
3570
3571
3572
3573
3574
3575
3576
3579
3584
3585
3586
3589
3590
3591
3592
3593
3594
3595
3596
3597
3598
3599
3600
3601
3603
3606
3609
3610
3615
3618
3619
3620
3621
3623
3624
3625
3626
3627
3628
3629
3707
3710
3711
3713
3714
3718
3719
3720
3736
3738
3739
3741
3748
3749
3750
3751
3752
3753
3754
3755
3756
3757
3758
3759
3760
3761
3762
3763
3764
3765
3767
3769
3770
3771
3772
3773
3774
3775
3776
3777
3778
3781
3786
3788
3789
3791
3792
3793
3794
3795
3798
3799
3800
3801
3803
3809
3810
3812
3813
3814
3815
3818
3819
3820
3821
3822
3823
3824
3833
3834
3836
3837
3838
3839
3840
3841
3842
3843
3844
3846
3847
3848
3849
3853
3856
3857
3858
3859
3860
3861
3862
3863
3865
3868
3869
3871
3872
3873
3874
3875
3876
3878
3879
3880
3884
3886
3887
3888
3889
3890
3891
3892
3894
3896
3897
3898
3899
3902
3903
3904
3907
3908
3909
3912
3916
3917
3919
3920
3922
3926
3927
3928
3929
3932
3934
3935
3936
3937
3939
3941
3944
3946
3949
3950
3951
3955
3958
3959
3961
3962
3963
3964
3965
3968
3969
3974
3975
3976
3977
3979
3980
3981
3982
3983
3986
3989
3990
3991
3992
3993
3994
3995
3996
3998
3999
4000
4002
4003
4004
4005
4006
4008
4010
4011
4014
4016
4017
4019
4020
4021
4022
4023
4024
4025
4026
4027
4028
4029
4030
4033
4035
4036
4037
4038
4039
4040
4041
4043
4045
4047
4048
4049
4053
4054
4055
4056
4058
4059
4062
4063
4066
4068
4070
4072
4074
4075
4076
4077
4078
4083
4084
4085
4088
4090
4091
4093
4094
4095
4096
4097
4098
4099
4100
4101
4102
4103
4229
4230
4231
4232
4233
4234
4235
4238
4241
4244
4245
4246
4248
4249
4250
4251
4252
4253
4254
4286
4289
4290
4292
4294
4297
4298
4300
4301
4302
4303
4304
4305
4307
4308
4309
4310
4311
4312
4314
4315
4316
4317
4319
4320
4321
4322
4326
4335
4337
4338
4339
4341
4342
4363
4364
4365
4366
4367
4368
4370
4371
4372
4375
4376
4377
4378
4379
4381
4383
4384
4386
4388
4389
4390
4391
4392
4394
4398
4399
4400
4405
4407
4408
4410
4411
4412
4413
4414
4415
4416
4417
4418
4419
4420
4421
4422
4423
4424
4425
4426
4427
4428
4429
4432
4433
4434
4436
4437
4438
4439
4440
4441
4443
4445
4557
4558
4559
4560
4561
4564
4566
4567
4568
4569
4570
4571
4572
4573
4575
4576
4577
4578
4581
4583
4584
4585
4586
4587
4589
4590
4591
4595
4596
4597
4598
4599
4600
4601
4604
4606
4607
4608
4609
4611
4612
5098
5099
5100
5101
5102
5105
5170
5171
5172
5173
5179
5180
5181
5182
5183
5184
5185
5186
5190
5572
5585
5588
5589
5590
5595
5596
5597
5598
5599
5601
5602
5606
5608
5609
5612
5642
5643
5645
5653
5654
5655
5656
5657
5658
5659
5660
5661
5662
5663
5665
5666
5667
5668
5672
5673
5676
5678
5679
5680
5687
5690
5776
5789
5790
5791
5792
5793
5794
5795
5796
5799
5800
5801
5802
5805
5808
5810
5811
5813
5814
5816
5818
5819
5820
5821
5838
5839
5840
5842
5844
5848
5851
6083
6388
6389
6391
6396
6397
6398
6402
6404
6405
6406
6407
6408
6412
6413
6414
6415
6416
6417
6418
6420
6425
6426
6428
6429
6430
6433
6434
6435
6436
6437
6438
6439
6440
6441
6442
6443
6445
6446
6447
6448
6449
6450
6451
6452
6454
6455
6456
6458
6461
6462
6463
6464
6467
6468
6469
6470
6471
6475
6476
6477
6478
6479
6480
6481
6483
6484
6485
6486
6487
6488
6489
6490
6491
6493
6494
6495
6496
6497
6499
6502
6506
6508
6510
6605
6608
6626
6628
6629
6668
6669
6670
6673
6675
6805
6808
6809
6810
6811
6813
6814
6960
6961
7021
7023
7024
7025
7027
7028
7030
7031
7033
7034
7231
7236
7239
7243
7246
7247
7249
7250
7427
7429
7430
7475
7477
7478
7480
7481
7482
7488
7489
7492
7493
7497
7498
7506
7507
7508
7509
7511
7538
7539
7540
7544
7548
7549
7550
7552
7553
7554
7555
7556
7674
7675
7679
7681
7682
7683
7684
7685
7686
7687
7688
7689
7690
7691
7693
7694
7695
7701
7704
7705
7706
7707
7708
7710
7711
7714
7715
7716
7717
7718
7719
7720
7721
7723
7724
7726
7731
7732
7735
7736
7738
7739
7744
7745
7746
7748
7749
7750
7752
7755
7756
7757
7758
7759
7761
7781
7782
7786
7787
7788
7789
7891
7893
8039
8083
8084
8085
8086
8087
8088
8089
8090
8091
8092
8093
8094
8224
8225
8226
8228
8229
8230
8231
8235
8236
8239
8242
8245
8246
8247
8249
8251
8252
8254
8255
8257
8258
8260
8266
8267
8268
8270
8271
8272
8273
8274
8300
8301
8302
8303
8304
8306
8307
8310
8312
8314
8316
8317
8335
8337
8342
8347
8348
8350
8351
8352
8353
8354
8357
8358
8359
8360
8361
8362
8363
8364
8430
8432
8433
8435
8437
8438
8522
8523
8524
8525
8527
8528
8529
8530
8531
8532
8534
8535
8537
8539
8540
8541
8542
8551
8552
8553
8554
8555
8809
8812
8814
8815
8819
8820
8821
8822
9009
9010
9013
9017
9023
9030
9031
9032
9033
9034
9035
9036
9037
9159
9171
9172
9331
9337
9338
9340
9341
9342
9379
9381
9385
9390
9446
9447
9448
9449
9451
9453
9454
9455
9457
9458
9463
9465
9466
9608
9609
9620
9622
9623
9624
9625
9626
9627
9628
9657
9659
9664
9671
9672
9673
9675
9678
9679
9680
9681
9682
9689
9690
9691
9695
9696
9697
9698
9699
9702
9704
9706
9707
9708
9710
9711
9712
9716
9717
9885
9886
9887
9889
9890
9891
9898
9900
9901
9902
9903
9904
9905
9907
9908
9910
9913
9915
9916
9919
9920
9921
9922
9923
9924
9925
9927
9928
9929
9930
9931
9933
9934
9935
9936
9937
9940
9941
10014
10015
10016
10017
10018
10020
10021
10022
10023
10025
10026
10027
10028
10029
10032
10033
10035
10036
10037
10038
10042
10045
10046
10050
10052
10053
10056
10057
10058
10061
10062
10063
10064
10065
10066
10067
10069
10104
10105
10106
10107
10108
10109
10111
10114
10115
10129
10130
10131
10235
10236
10237
10238
10239
10240
10242
10243
10244
10245
10246
10247
10248
10249
10250
10252
10254
10256
10257
10258
10260
10263
10264
10287
10291
10294
10295
10296
10297
10299
10301
10302
10311
10313
10314
10315
10319
10401
10402
10418
10424
10633
10635
10639
10642
10643
10644
10647
10648
10649
10651
10652
10653
10654
10655
10656
10657
10658
10698
10699
10700
10701
10703
10704
10715
10721
10726
10728
10730
10732
10736
10737
10738
10739
10743
10848
10849
10850
10851
10852
10856
10857
10861
10864
10865
10866
10867
10898
10900
10901
10940
10941
10944
10947
10948
10949
10950
10951
11012
11013
11014
11016
11017
11018
11019
11020
11022
11023
11024
11025
11026
11027
11071
11073
11076
11077
11079
11080
11081
11082
11083
11084
11085
11086
11087
11088
11089
11090
11091
11133
11134
11135
11141
11142
11144
11146
11148
11149
11150
11151
11152
11153
11158
11159
11160
11161
11162
11163
11366
11370
11376
11377
11382
11384
11388
11408
11409
11410
11411
11412
11414
11417
11418
11419
11659
11664
11665
11667
11669
11749
11768
11770
11772
11776
11778
11781
11786
11791
11793
11795
11971
11972
11973
11975
11976
11982
11984
11985
12084
12086
12087
12088
12091
12093
12271
12272
12273
12274
12275
12276
12278
12281
12324
12327
12328
12329
12330
12331
12333
12335
12368
12416
12423
12426
12430
12447
12448
12449
12450
12451
12460
12463
12464
12466
12740
12742
12744
12745
12746
12749
12752
12754
12755
12839
12840
12841
12842
12844
12846
12847
12848
12853
12854
12855
12857
12858
12897
